<?xml version="1.0" encoding="UTF-8" standalone="no" ?>
<SimscapeMultibodyImportXML version="2.0" xmlns="urn:mathworks:SimscapeMultibody:import" xmlns:xsi="http://www.w3.org/2001/XMLSchema-instance">
<Created by="" on="12/15/24||19:15:50" using="Simscape Multibody Link Version 7.4" from="SolidWorks 31.5.0"/>
<ModelUnits mass="kilogram" length="millimeter"/>
<DataUnits mass="kilogram" length="meter"/>
<RootAssembly name="Assem1" uid="Assem1" version="2360">
<AssemblyFile name="Assem1.SLDASM" type="SolidWorks Assembly"/>
<InstanceTree>
<Instance name="bolt-4" uid="bolt-4" entityUid="bolt*:*Default">
<Transform>
<Rotation>-0.011405127183717469 0.83566685887016068 -0.54911822411936251 -0.99993446156760613 -0.0089835099355755222 0.0070971204540139134 0.00099781933464709437 0.54916317933317105 0.83571454864759831</Rotation>
<Translation>0.034796318326666145 0.076954683980622898 0.20042885123921034</Translation>
</Transform>
</Instance>
<Instance name="bolt-3" uid="bolt-3" entityUid="bolt*:*Default">
<Transform>
<Rotation>-0.011405127183717469 0.83566685887016068 -0.54911822411936251 -0.99993446156760613 -0.0089835099355755222 0.0070971204540139134 0.00099781933464709437 0.54916317933317105 0.83571454864759831</Rotation>
<Translation>0.062587631255279066 0.076593204871551759 0.15583965738538613</Translation>
</Transform>
</Instance>
<Instance name="bolt-5" uid="bolt-5" entityUid="bolt*:*Default">
<Transform>
<Rotation>0.9972221639961304 -0.060285701562525877 0.043744597632037689 -0.011447635016559852 0.45627168698186504 0.88976687919434871 -0.073599641897243273 -0.88779602490990961 0.4543141103540157</Rotation>
<Translation>0.035121737935407446 0.067634931533720077 0.24759218901386365</Translation>
</Transform>
</Instance>
<Instance name="Mini Idler Pulley - POM V-Slot-5" uid="Mini Idler Pulley - POM V-Slot-5" entityUid="Mini Idler Pulley - POM V-Slot*:*Default">
<Transform>
<Rotation>0.011405127183717485 -0.99174568161927068 0.12771227843653665 0.99993446156760624 0.011439166080759646 -0.00046695704102743822 -0.00099781933464708722 0.12770923407845275 0.99181114930599079</Rotation>
<Translation>0.062054726687619868 0.029871267154805342 0.15588628049379752</Translation>
</Transform>
</Instance>
<Instance name="base-2" uid="base-2" entityUid="base*:*Default">
<Transform>
<Rotation>-0.073606240963643946 -0.9972221639961304 0.011405127183717481 -0.00015563427965983154 0.011447635016559611 0.99993446156760635 -0.99728736935207052 0.073599641897243107 -0.00099781933464709112</Rotation>
<Translation>0.43526930979161016 0.064392092334118078 0.13095443815367305</Translation>
</Transform>
</Instance>
<Instance name="side-6" uid="side-6" entityUid="side*:*Default">
<Transform>
<Rotation>0.073606240963643724 0.011405127183717841 -0.99722216399613062 0.00015563427965964959 0.99993446156760624 0.011447635016559954 0.99728736935207052 -0.00099781933464690789 0.073599641897242843</Rotation>
<Translation>0.0085579414947077413 0.075647219934037391 -0.22125150960057541</Translation>
</Transform>
</Instance>
<Instance name="side-5" uid="side-5" grounded="true" entityUid="side*:*Default">
<Transform>
<Rotation>0.073606240963644126 0.011405127183717115 -0.9972221639961304 0.00015563427965994232 0.99993446156760624 0.011447635016559253 0.99728736935207041 -0.00099781933464717721 0.073599641897243315</Rotation>
<Translation>0.068344588601883249 0.075421173192250349 0.23558708961204891</Translation>
</Transform>
</Instance>
<Instance name="side-7" uid="side-7" grounded="true" entityUid="side*:*Default">
<Transform>
<Rotation>0.073606240963644126 0.011405127183717821 -0.99722216399613062 0.00015563427965994351 0.99993446156760635 0.011447635016559966 0.99728736935207041 -0.00099781933464723142 0.073599641897243315</Rotation>
<Translation>0.042416812337983896 0.075718811702680883 0.23750068030137717</Translation>
</Transform>
</Instance>
<Instance name="Mini Idler Pulley - POM V-Slot-3" uid="Mini Idler Pulley - POM V-Slot-3" entityUid="Mini Idler Pulley - POM V-Slot*:*Default">
<Transform>
<Rotation>-0.011405127183717475 -0.99174568161927057 -0.12771227843653668 -0.99993446156760624 0.01143916608075965 0.0004669570410273156 0.0009978193346472093 0.12770923407845275 -0.99181114930599079</Rotation>
<Translation>0.034363778878223658 0.039032169525671429 0.20046669353747684</Translation>
</Transform>
</Instance>
<Instance name="Mini Idler Pulley - POM V-Slot-6" uid="Mini Idler Pulley - POM V-Slot-6" entityUid="Mini Idler Pulley - POM V-Slot*:*Default">
<Transform>
<Rotation>0.011405127183717485 -0.99174568161927068 0.12771227843653662 0.99993446156760624 0.011439166080759646 -0.00046695704102743779 -0.00099781933464708722 0.12770923407845272 0.99181114930599079</Rotation>
<Translation>0.031140839603739878 0.030226143840318694 0.15816786939261207</Translation>
</Transform>
</Instance>
<Instance name="bolt-2" uid="bolt-2" entityUid="bolt*:*Default">
<Transform>
<Rotation>-0.011405127183717469 0.83566685887016068 -0.54911822411936251 -0.99993446156760613 -0.0089835099355755222 0.0070971204540139134 0.00099781933464709437 0.54916317933317105 0.83571454864759831</Rotation>
<Translation>0.031673744171399079 0.076948081557065104 0.15812124628420068</Translation>
</Transform>
</Instance>
<Instance name="Mini Idler Pulley - POM V-Slot-4" uid="Mini Idler Pulley - POM V-Slot-4" entityUid="Mini Idler Pulley - POM V-Slot*:*Default">
<Transform>
<Rotation>-0.011405127183717285 -0.99174568161927057 -0.12771227843653662 -0.99993446156760613 0.011439166080759455 0.00046695704102730237 0.00099781933464719846 0.12770923407845272 -0.9918111493059909</Rotation>
<Translation>0.065277665962103937 0.038677292840158126 0.19818510463866229</Translation>
</Transform>
</Instance>
<Instance name="??????? V-slot 20x20-2" uid="??????? V-slot 20x20-2" grounded="true" entityUid="??????? V-slot 20x20*:*500">
<Transform>
<Rotation>0.99722216399613051 0.011405127183717476 0.073606240963643765 -0.011447635016559609 0.99993446156760635 0.00015563427965982837 -0.073599641897242982 -0.00099781933464708613 0.99728736935207074</Rotation>
<Translation>0.017322632450095063 0.033794801990196188 -0.23185678828684278</Translation>
</Transform>
</Instance>
<Instance name="Shaft Coupler-2" uid="Shaft Coupler-2" entityUid="Shaft Coupler*:*Default">
<Transform>
<Rotation>-0.041545421224151211 0.99722216399613062 0.061821789121493047 -0.9056195759790131 -0.011447635016559845 -0.42393647549617675 -0.42205113621325624 -0.073599641897241233 0.90357951013383286</Rotation>
<Translation>0.044567239559045915 0.067066226279371505 -0.21435606535929155</Translation>
</Transform>
</Instance>
<Instance name="bolt-1" uid="bolt-1" entityUid="bolt*:*Default">
<Transform>
<Rotation>-0.011405127183717469 0.83566685887016068 -0.54911822411936251 -0.99993446156760613 -0.0089835099355755222 0.0070971204540139134 0.00099781933464709437 0.54916317933317105 0.83571454864759831</Rotation>
<Translation>0.065710205410546133 0.076599807295109554 0.19814726234039579</Translation>
</Transform>
</Instance>
<Instance name="GT2_20T-2" uid="GT2_20T-2" entityUid="GT2_20T*:*????????????1">
<Transform>
<Rotation>-0.99722216399613062 -0.0062259369553127235 -0.074223940503741689 0.011447635016559847 0.97185008764618763 -0.23532181963138293 0.073599641897241233 -0.23551782278869249 -0.96907917522845988</Rotation>
<Translation>0.030107518185715863 0.067232216922606003 -0.21328887053033274</Translation>
</Transform>
</Instance>
<Instance name="GT2 idler pulley (5 mm bore) v1-1" uid="GT2 idler pulley (5 mm bore) v1-1" entityUid="GT2 idler pulley (5 mm bore) v1*:*Default">
<Transform>
<Rotation>-0.036522923208835656 0.064915573748957484 -0.9972221639961304 -0.93632736123225957 -0.35094162514635008 0.011447635016558818 -0.34922363706959347 0.93414449847145298 0.073599641897243634</Rotation>
<Translation>0.056985833881022671 0.067383942135981603 0.24597851686526651</Translation>
</Transform>
</Instance>
<Instance name="Belt4-5^Assem1-1" uid="Belt4-5^Assem1-1" entityUid="Belt4-5^Assem1*:*Default">
<Transform>
<Rotation>-0.073458182164062594 0.01232278815957096 0.99722216399613084 0.012322788159576664 0.99985854026682286 -0.011447635016558726 -0.99722216399613073 0.011447635016564863 -0.073599641897239831</Rotation>
<Translation>0.019187935489977187 0.067357568525652403 -0.21248295445119872</Translation>
</Transform>
</Instance>
<Instance name="JGA25-370 12V Planetary Geared Motor-1" uid="JGA25-370 12V Planetary Geared Motor-1" entityUid="JGA25-370 12V Planetary Geared Motor*:*Ratio 171 &amp; 226">
<Transform>
<Rotation>0.011216274696910961 -0.99722216399613051 0.073635255257234161 0.9999307724106361 0.011447635016560572 0.0027206688141503399 -0.0035560607688997492 0.073599641897241691 0.99728152852863261</Rotation>
<Translation>0.060522794182983994 0.066883064119106522 -0.21553365962964743</Translation>
</Transform>
</Instance>
<Instance name="bolt-6" uid="bolt-6" entityUid="bolt*:*Default">
<Transform>
<Rotation>0.99722216399613062 0.040714763171392235 -0.06237197844202115 -0.011447635016559756 -0.74365451276823435 -0.66846609285136338 -0.073599641897241219 0.6673232153157399 -0.74112267473965499</Rotation>
<Translation>0.0012628670921313769 0.067563339765076127 -0.21116000088808917</Translation>
</Transform>
</Instance>
</InstanceTree>
<Constraints>
<Coincident name="Coincident1">
<ConstraintGeometry geomType="line">
<InstancePath>
<Uid>??????? V-slot 20x20-2</Uid>
</InstancePath>
<Position>0.0099999999999999811 -0.010000000000000002 0.50000000000000022</Position>
<Axis>0 0 -1.0000000000000002</Axis>
</ConstraintGeometry>
<ConstraintGeometry geomType="line">
<InstancePath>
<Uid>side-5</Uid>
</InstancePath>
<Position>-0.0079378881987577365 -0.051739130434782607 0.0059999999999999984</Position>
<Axis>1.0000000000000002 0 0</Axis>
</ConstraintGeometry>
</Coincident>
<Coincident name="Coincident2">
<ConstraintGeometry geomType="plane">
<InstancePath>
<Uid>??????? V-slot 20x20-2</Uid>
</InstancePath>
<Position>0 0 0.50000000000000033</Position>
<Axis>0 0 1.0000000000000002</Axis>
</ConstraintGeometry>
<ConstraintGeometry geomType="plane">
<InstancePath>
<Uid>side-5</Uid>
</InstancePath>
<Position>0.030062111801242214 0.016260869565217356 0.0059999999999999915</Position>
<Axis>1.0000000000000002 1.0516761073109393e-16 0</Axis>
</ConstraintGeometry>
</Coincident>
<Coincident name="Coincident4">
<ConstraintGeometry geomType="line">
<InstancePath>
<Uid>??????? V-slot 20x20-2</Uid>
</InstancePath>
<Position>-0.010000000000000019 -0.010000000000000002 0.50000000000000022</Position>
<Axis>0 0 -1.0000000000000002</Axis>
</ConstraintGeometry>
<ConstraintGeometry geomType="line">
<InstancePath>
<Uid>side-7</Uid>
</InstancePath>
<Position>-0.0079378881987577365 -0.051739130434782607 0</Position>
<Axis>1.0000000000000002 0 0</Axis>
</ConstraintGeometry>
</Coincident>
<Coincident name="Coincident5">
<ConstraintGeometry geomType="plane">
<InstancePath>
<Uid>??????? V-slot 20x20-2</Uid>
</InstancePath>
<Position>0 0 0.50000000000000033</Position>
<Axis>0 0 1.0000000000000002</Axis>
</ConstraintGeometry>
<ConstraintGeometry geomType="plane">
<InstancePath>
<Uid>side-7</Uid>
</InstancePath>
<Position>0.030062111801242242 0.016260869565217398 0.0060000000000000053</Position>
<Axis>1.0000000000000002 1.0430024899310553e-16 0</Axis>
</ConstraintGeometry>
</Coincident>
<Distance name="Distance1">
<ConstraintGeometry geomType="plane">
<InstancePath>
<Uid>GT2 idler pulley (5 mm bore) v1-1</Uid>
</InstancePath>
<Position>0 0 -0.0010000000000000009</Position>
<Axis>0 0 -1</Axis>
</ConstraintGeometry>
<ConstraintGeometry geomType="plane">
<InstancePath>
<Uid>side-5</Uid>
</InstancePath>
<Position>-0.0079378881987577365 -0.049739130434782612 0.0059999999999999984</Position>
<Axis>0 0 1.0000000000000002</Axis>
</ConstraintGeometry>
</Distance>
<Concentric name="Concentric5">
<ConstraintGeometry geomType="circle">
<InstancePath>
<Uid>side-5</Uid>
</InstancePath>
<Position>0.0095259130434782457 -0.0081766211180124559 0.0059999999999999915</Position>
<Axis>0 0 1.0000000000000002</Axis>
</ConstraintGeometry>
<ConstraintGeometry geomType="cylinder">
<InstancePath>
<Uid>GT2 idler pulley (5 mm bore) v1-1</Uid>
</InstancePath>
<Position>0 0 0</Position>
<Axis>0 0 1</Axis>
</ConstraintGeometry>
</Concentric>
<Concentric name="Concentric10">
<ConstraintGeometry geomType="cylinder">
<InstancePath>
<Uid>Shaft Coupler-2</Uid>
</InstancePath>
<Position>0 0.013985281374238573 0</Position>
<Axis>0 -1 0</Axis>
</ConstraintGeometry>
<ConstraintGeometry geomType="cylinder">
<InstancePath>
<Uid>GT2_20T-2</Uid>
</InstancePath>
<Position>0 0 0</Position>
<Axis>1 0 0</Axis>
</ConstraintGeometry>
</Concentric>
<Concentric name="Concentric13">
<ConstraintGeometry geomType="cylinder">
<InstancePath>
<Uid>side-6</Uid>
</InstancePath>
<Position>0.0095259130434782735 -0.0081766211180124282 0.0060000000000000019</Position>
<Axis>0 0 -1.0000000000000002</Axis>
</ConstraintGeometry>
<ConstraintGeometry geomType="cylinder">
<InstancePath>
<Uid>GT2_20T-2</Uid>
</InstancePath>
<Position>0 0 0</Position>
<Axis>1 0 0</Axis>
</ConstraintGeometry>
</Concentric>
<Concentric name="Concentric14">
<ConstraintGeometry geomType="cylinder">
<InstancePath>
<Uid>base-2</Uid>
</InstancePath>
<Position>0.0026120836983749285 0.37361764705882333 0.0060000000000000053</Position>
<Axis>0 0 -1.0000000000000002</Axis>
</ConstraintGeometry>
<ConstraintGeometry geomType="cylinder">
<InstancePath>
<Uid>Mini Idler Pulley - POM V-Slot-5</Uid>
</InstancePath>
<Position>0.0019999999999999914 0 0</Position>
<Axis>-1 0 0</Axis>
</ConstraintGeometry>
</Concentric>
<Concentric name="Concentric17">
<ConstraintGeometry geomType="cylinder">
<InstancePath>
<Uid>base-2</Uid>
</InstancePath>
<Position>0.0026120836983749285 0.40461764705882325 0.0059999999999999915</Position>
<Axis>0 0 -1.0000000000000002</Axis>
</ConstraintGeometry>
<ConstraintGeometry geomType="cylinder">
<InstancePath>
<Uid>Mini Idler Pulley - POM V-Slot-6</Uid>
</InstancePath>
<Position>0.0020000000000000052 0 0</Position>
<Axis>-1 0 0</Axis>
</ConstraintGeometry>
</Concentric>
<Concentric name="Concentric18">
<ConstraintGeometry geomType="cylinder">
<InstancePath>
<Uid>base-2</Uid>
</InstancePath>
<Position>-0.039810598324056118 0.37361764705882339 0.0060000000000000053</Position>
<Axis>0 0 -1.0000000000000002</Axis>
</ConstraintGeometry>
<ConstraintGeometry geomType="cylinder">
<InstancePath>
<Uid>Mini Idler Pulley - POM V-Slot-4</Uid>
</InstancePath>
<Position>0.0019999999999999948 0 0</Position>
<Axis>-1 0 0</Axis>
</ConstraintGeometry>
</Concentric>
<Concentric name="Concentric19">
<ConstraintGeometry geomType="cylinder">
<InstancePath>
<Uid>base-2</Uid>
</InstancePath>
<Position>-0.039810598324056118 0.4046176470588233 0.0059999999999999915</Position>
<Axis>0 0 -1.0000000000000002</Axis>
</ConstraintGeometry>
<ConstraintGeometry geomType="cylinder">
<InstancePath>
<Uid>Mini Idler Pulley - POM V-Slot-3</Uid>
</InstancePath>
<Position>0.0019999999999999879 0 0</Position>
<Axis>-1 0 0</Axis>
</ConstraintGeometry>
</Concentric>
<Distance name="Distance8">
<ConstraintGeometry geomType="plane">
<InstancePath>
<Uid>base-2</Uid>
</InstancePath>
<Position>0 0 0</Position>
<Axis>0 0 -1.0000000000000002</Axis>
</ConstraintGeometry>
<ConstraintGeometry geomType="plane">
<InstancePath>
<Uid>??????? V-slot 20x20-2</Uid>
</InstancePath>
<Position>0.0050999999999999865 0.010000000000000002 0.50000000000000033</Position>
<Axis>0 1.0000000000000002 0</Axis>
</ConstraintGeometry>
</Distance>
<Tangent name="Tangent4">
<ConstraintGeometry geomType="plane">
<InstancePath>
<Uid>??????? V-slot 20x20-2</Uid>
</InstancePath>
<Position>0.0079999999999999793 0.0030999999999999986 0.50000000000000022</Position>
<Axis>0.70710678118654879 -0.70710678118654657 0</Axis>
</ConstraintGeometry>
<ConstraintGeometry geomType="cone">
<InstancePath>
<Uid>Mini Idler Pulley - POM V-Slot-4</Uid>
</InstancePath>
<Position>0.00070000000000000617 0 0</Position>
<Axis>-1 0 0</Axis>
</ConstraintGeometry>
</Tangent>
<Distance name="Distance12">
<ConstraintGeometry geomType="plane">
<InstancePath>
<Uid>Mini Idler Pulley - POM V-Slot-4</Uid>
</InstancePath>
<Position>0 0 0.0050000000000000322</Position>
<Axis>-1 0 0</Axis>
</ConstraintGeometry>
<ConstraintGeometry geomType="plane">
<InstancePath>
<Uid>base-2</Uid>
</InstancePath>
<Position>0 0 0</Position>
<Axis>0 0 -1.0000000000000002</Axis>
</ConstraintGeometry>
</Distance>
<Distance name="Distance13">
<ConstraintGeometry geomType="plane">
<InstancePath>
<Uid>Mini Idler Pulley - POM V-Slot-6</Uid>
</InstancePath>
<Position>0.0087999999999999988 0 0.0076149999999999829</Position>
<Axis>1 0 0</Axis>
</ConstraintGeometry>
<ConstraintGeometry geomType="plane">
<InstancePath>
<Uid>base-2</Uid>
</InstancePath>
<Position>0 0 0</Position>
<Axis>0 0 -1.0000000000000002</Axis>
</ConstraintGeometry>
</Distance>
<Distance name="Distance14">
<ConstraintGeometry geomType="plane">
<InstancePath>
<Uid>Mini Idler Pulley - POM V-Slot-3</Uid>
</InstancePath>
<Position>0 0 0.0050000000000000044</Position>
<Axis>-1 0 0</Axis>
</ConstraintGeometry>
<ConstraintGeometry geomType="plane">
<InstancePath>
<Uid>base-2</Uid>
</InstancePath>
<Position>0 0 0</Position>
<Axis>0 0 -1.0000000000000002</Axis>
</ConstraintGeometry>
</Distance>
<Distance name="Distance15">
<ConstraintGeometry geomType="plane">
<InstancePath>
<Uid>Mini Idler Pulley - POM V-Slot-5</Uid>
</InstancePath>
<Position>0.0087999999999999988 0 0.0076150000000000106</Position>
<Axis>1 0 0</Axis>
</ConstraintGeometry>
<ConstraintGeometry geomType="plane">
<InstancePath>
<Uid>base-2</Uid>
</InstancePath>
<Position>0 0 0</Position>
<Axis>0 0 -1.0000000000000002</Axis>
</ConstraintGeometry>
</Distance>
<Coincident name="Coincident28">
<ConstraintGeometry geomType="circle">
<InstancePath>
<Uid>base-2</Uid>
</InstancePath>
<Position>-0.039810598324056118 0.37361764705882339 0.0060000000000000053</Position>
<Axis>0 0 1.0000000000000002</Axis>
</ConstraintGeometry>
<ConstraintGeometry geomType="circle">
<InstancePath>
<Uid>bolt-1</Uid>
</InstancePath>
<Position>0.0019249999999999962 0 0</Position>
<Axis>1 0 0</Axis>
</ConstraintGeometry>
</Coincident>
<Coincident name="Coincident30">
<ConstraintGeometry geomType="circle">
<InstancePath>
<Uid>base-2</Uid>
</InstancePath>
<Position>0.0026120836983749285 0.37361764705882333 0.0060000000000000053</Position>
<Axis>0 0 1.0000000000000002</Axis>
</ConstraintGeometry>
<ConstraintGeometry geomType="circle">
<InstancePath>
<Uid>bolt-3</Uid>
</InstancePath>
<Position>0.00192500000000001 0 0</Position>
<Axis>1 0 0</Axis>
</ConstraintGeometry>
</Coincident>
<Coincident name="Coincident31">
<ConstraintGeometry geomType="circle">
<InstancePath>
<Uid>base-2</Uid>
</InstancePath>
<Position>-0.039810598324056118 0.4046176470588233 0.0059999999999999915</Position>
<Axis>0 0 1.0000000000000002</Axis>
</ConstraintGeometry>
<ConstraintGeometry geomType="circle">
<InstancePath>
<Uid>bolt-4</Uid>
</InstancePath>
<Position>0.00192500000000001 0 0</Position>
<Axis>1 0 0</Axis>
</ConstraintGeometry>
</Coincident>
<Coincident name="Coincident32">
<ConstraintGeometry geomType="circle">
<InstancePath>
<Uid>base-2</Uid>
</InstancePath>
<Position>0.0026120836983749285 0.40461764705882325 0.0059999999999999915</Position>
<Axis>0 0 1.0000000000000002</Axis>
</ConstraintGeometry>
<ConstraintGeometry geomType="circle">
<InstancePath>
<Uid>bolt-2</Uid>
</InstancePath>
<Position>0.00192500000000001 0 0</Position>
<Axis>1 0 0</Axis>
</ConstraintGeometry>
</Coincident>
<Concentric name="Concentric21">
<ConstraintGeometry geomType="circle">
<InstancePath>
<Uid>side-7</Uid>
</InstancePath>
<Position>0.0095259130434782735 -0.0081766211180124143 0.0059999999999999984</Position>
<Axis>0 0 1.0000000000000002</Axis>
</ConstraintGeometry>
<ConstraintGeometry geomType="circle">
<InstancePath>
<Uid>bolt-5</Uid>
</InstancePath>
<Position>0.0019250000000000066 0 0</Position>
<Axis>1.0000000000000002 0 0</Axis>
</ConstraintGeometry>
</Concentric>
<Parallel name="Parallel7">
<ConstraintGeometry geomType="plane">
<InstancePath>
<Uid>??????? V-slot 20x20-2</Uid>
</InstancePath>
<Position>-0.010000000000000023 -0.0051000000000000038 0.50000000000000022</Position>
<Axis>-1 3.5756987648571936e-16 0</Axis>
</ConstraintGeometry>
<ConstraintGeometry geomType="plane">
<InstancePath>
<Uid>side-7</Uid>
</InstancePath>
<Position>-0.0079378881987577365 -0.049739130434782591 0.0059999999999999984</Position>
<Axis>0 0 1.0000000000000002</Axis>
</ConstraintGeometry>
</Parallel>
<Parallel name="Parallel8">
<ConstraintGeometry geomType="plane">
<InstancePath>
<Uid>??????? V-slot 20x20-2</Uid>
</InstancePath>
<Position>0.0099999999999999881 -0.0051000000000000038 0.50000000000000022</Position>
<Axis>1 3.5019730171281793e-16 0</Axis>
</ConstraintGeometry>
<ConstraintGeometry geomType="plane">
<InstancePath>
<Uid>side-5</Uid>
</InstancePath>
<Position>-0.0079378881987577643 -0.049739130434782605 0</Position>
<Axis>0 0 -1.0000000000000002</Axis>
</ConstraintGeometry>
</Parallel>
<Parallel name="Parallel9">
<ConstraintGeometry geomType="plane">
<InstancePath>
<Uid>??????? V-slot 20x20-2</Uid>
</InstancePath>
<Position>-0.010000000000000023 -0.0051000000000000038 0.50000000000000022</Position>
<Axis>-1 3.5756987648571936e-16 0</Axis>
</ConstraintGeometry>
<ConstraintGeometry geomType="plane">
<InstancePath>
<Uid>side-6</Uid>
</InstancePath>
<Position>-0.0079378881987577643 -0.049739130434782605 0.0060000000000000019</Position>
<Axis>0 0 1.0000000000000002</Axis>
</ConstraintGeometry>
</Parallel>
<Coincident name="Coincident36">
<ConstraintGeometry geomType="plane">
<InstancePath>
<Uid>side-7</Uid>
</InstancePath>
<Position>-0.0079378881987577365 -0.049739130434782591 0.0059999999999999984</Position>
<Axis>0 0 1.0000000000000002</Axis>
</ConstraintGeometry>
<ConstraintGeometry geomType="plane">
<InstancePath>
<Uid>bolt-5</Uid>
</InstancePath>
<Position>0.0019250000000000066 0 0</Position>
<Axis>1.0000000000000002 0 0</Axis>
</ConstraintGeometry>
</Coincident>
<Concentric name="Concentric22">
<ConstraintGeometry geomType="circle">
<InstancePath>
<Uid>side-6</Uid>
</InstancePath>
<Position>0.0095259130434782735 -0.0081766211180124282 0.0060000000000000019</Position>
<Axis>0 0 1.0000000000000002</Axis>
</ConstraintGeometry>
<ConstraintGeometry geomType="circle">
<InstancePath>
<Uid>bolt-6</Uid>
</InstancePath>
<Position>0.0019249999999999996 0 0</Position>
<Axis>1 0 0</Axis>
</ConstraintGeometry>
</Concentric>
<Coincident name="Coincident37">
<ConstraintGeometry geomType="plane">
<InstancePath>
<Uid>side-6</Uid>
</InstancePath>
<Position>-0.0079378881987577643 -0.049739130434782605 0.0060000000000000019</Position>
<Axis>0 0 1.0000000000000002</Axis>
</ConstraintGeometry>
<ConstraintGeometry geomType="circle">
<InstancePath>
<Uid>bolt-6</Uid>
</InstancePath>
<Position>0.0019249999999999962 0 0</Position>
<Axis>1 0 0</Axis>
</ConstraintGeometry>
</Coincident>
<UnknownConstraint name="Lock1">
<ConstraintGeometry geomType="Unknown">
<InstancePath>
<Uid>GT2_20T-2</Uid>
</InstancePath>
</ConstraintGeometry>
<ConstraintGeometry geomType="Unknown">
<InstancePath>
<Uid>bolt-6</Uid>
</InstancePath>
</ConstraintGeometry>
</UnknownConstraint>
<Parallel name="Parallel10">
<ConstraintGeometry geomType="line">
<InstancePath>
<Uid>??????? V-slot 20x20-2</Uid>
</InstancePath>
<Position>0.0084999999999999867 0.010000000000000002 0.50000000000000022</Position>
<Axis>0 0 -1.0000000000000002</Axis>
</ConstraintGeometry>
<ConstraintGeometry geomType="line">
<InstancePath>
<Uid>base-2</Uid>
</InstancePath>
<Position>0.01352941176470579 0.35411764705882331 0</Position>
<Axis>-1.0000000000000002 0 0</Axis>
</ConstraintGeometry>
</Parallel>
<Coincident name="Coincident48">
<ConstraintGeometry geomType="plane">
<InstancePath>
<Uid>??????? V-slot 20x20-2</Uid>
</InstancePath>
<Position>0 0 0.50000000000000033</Position>
<Axis>0 0 1.0000000000000002</Axis>
</ConstraintGeometry>
<ConstraintGeometry geomType="plane">
<InstancePath>
<Uid>side-7</Uid>
</InstancePath>
<Position>0.030062111801242242 0.016260869565217398 0.0060000000000000053</Position>
<Axis>1.0000000000000002 1.0430024899310553e-16 0</Axis>
</ConstraintGeometry>
</Coincident>
<Parallel name="Parallel16">
<ConstraintGeometry geomType="plane">
<InstancePath>
<Uid>??????? V-slot 20x20-2</Uid>
</InstancePath>
<Position>-0.01000000000000003 0.0051000000000000004 0.50000000000000033</Position>
<Axis>-1 -3.5019730171281793e-16 0</Axis>
</ConstraintGeometry>
<ConstraintGeometry geomType="plane">
<InstancePath>
<Uid>side-7</Uid>
</InstancePath>
<Position>-0.0079378881987577365 -0.049739130434782591 0</Position>
<Axis>0 0 -1.0000000000000002</Axis>
</ConstraintGeometry>
</Parallel>
<Coincident name="Coincident50">
<ConstraintGeometry geomType="plane">
<InstancePath>
<Uid>??????? V-slot 20x20-2</Uid>
</InstancePath>
<Position>0 0 0</Position>
<Axis>0 0 -1.0000000000000002</Axis>
</ConstraintGeometry>
<ConstraintGeometry geomType="plane">
<InstancePath>
<Uid>side-6</Uid>
</InstancePath>
<Position>-0.0099378881987577661 0.016260869565217384 0.0060000000000000019</Position>
<Axis>-1 -1.8214596497756474e-16 0</Axis>
</ConstraintGeometry>
</Coincident>
<Coincident name="Coincident51">
<ConstraintGeometry geomType="plane">
<InstancePath>
<Uid>??????? V-slot 20x20-2</Uid>
</InstancePath>
<Position>-0.01000000000000003 0.0051000000000000004 0.50000000000000033</Position>
<Axis>-1 -3.5019730171281793e-16 0</Axis>
</ConstraintGeometry>
<ConstraintGeometry geomType="plane">
<InstancePath>
<Uid>side-6</Uid>
</InstancePath>
<Position>-0.0079378881987577643 -0.049739130434782605 0</Position>
<Axis>0 0 -1.0000000000000002</Axis>
</ConstraintGeometry>
</Coincident>
<Coincident name="Coincident53">
<ConstraintGeometry geomType="plane">
<InstancePath>
<Uid>??????? V-slot 20x20-2</Uid>
</InstancePath>
<Position>-0.0051000000000000281 -0.0099999999999999985 0.50000000000000033</Position>
<Axis>0 -1.0000000000000002 0</Axis>
</ConstraintGeometry>
<ConstraintGeometry geomType="plane">
<InstancePath>
<Uid>side-6</Uid>
</InstancePath>
<Position>-0.0079378881987577365 -0.051739130434782593 0.0060000000000000019</Position>
<Axis>0 -1 0</Axis>
</ConstraintGeometry>
</Coincident>
<UnknownConstraint name="Lock2">
<ConstraintGeometry geomType="Unknown">
<InstancePath>
<Uid>Shaft Coupler-2</Uid>
</InstancePath>
</ConstraintGeometry>
<ConstraintGeometry geomType="Unknown">
<InstancePath>
<Uid>GT2_20T-2</Uid>
</InstancePath>
</ConstraintGeometry>
</UnknownConstraint>
<Distance name="Distance20">
<ConstraintGeometry geomType="plane">
<InstancePath>
<Uid>JGA25-370 12V Planetary Geared Motor-1</Uid>
</InstancePath>
<Position>0 0.0024999999999999883 0</Position>
<Axis>0 1.0000000000000002 0</Axis>
</ConstraintGeometry>
<ConstraintGeometry geomType="plane">
<InstancePath>
<Uid>Shaft Coupler-2</Uid>
</InstancePath>
<Position>0 0.011499999999999996 0</Position>
<Axis>0 1 0</Axis>
</ConstraintGeometry>
</Distance>
<Concentric name="Concentric26">
<ConstraintGeometry geomType="cylinder">
<InstancePath>
<Uid>Shaft Coupler-2</Uid>
</InstancePath>
<Position>0 0.011499999999999996 0</Position>
<Axis>0 -1 0</Axis>
</ConstraintGeometry>
<ConstraintGeometry geomType="cylinder">
<InstancePath>
<Uid>JGA25-370 12V Planetary Geared Motor-1</Uid>
</InstancePath>
<Position>0 -0.0050000000000000044 0</Position>
<Axis>0 1.0000000000000002 0</Axis>
</ConstraintGeometry>
</Concentric>
<UnknownConstraint name="BeltMate4">
<ConstraintGeometry geomType="cylinder">
<InstancePath>
<Uid>GT2_20T-2</Uid>
</InstancePath>
<Position>0 0 0</Position>
<Axis>-1 0 0</Axis>
</ConstraintGeometry>
<ConstraintGeometry geomType="cylinder">
<InstancePath>
<Uid>GT2 idler pulley (5 mm bore) v1-1</Uid>
</InstancePath>
<Position>0 0 0</Position>
<Axis>0 0 1</Axis>
</ConstraintGeometry>
</UnknownConstraint>
</Constraints>
</RootAssembly>
<Assemblies>
</Assemblies>
<Parts>
<Part name="??????? V-slot 20x20" uid="??????? V-slot 20x20*:*500" version="192">
<ModelUnits mass="kilogram" length="millimeter"/>
<PartFile name="??????? V-slot 20x20.SLDPRT" type="SolidWorks Part"/>
<MassProperties>
<Mass>0.22910940224476145</Mass>
<CenterOfMass>0 0 0.24999999999999997</CenterOfMass>
<Inertia>0.0047823399709738083 0.0047823399709738083 1.845484841589031e-05 0 0 0</Inertia>
</MassProperties>
<GeometryFile name="??????? V-slot 20x20_500_sldprt.STEP" type="STEP"/>
<VisualProperties>
<Ambient r="0.89803921568627454" g="0.91764705882352937" b="0.92941176470588238" a="1"/>
<Diffuse r="0.89803921568627454" g="0.91764705882352937" b="0.92941176470588238" a="1"/>
<Specular r="0.44901960784313727" g="0.45882352941176469" b="0.46470588235294119" a="1"/>
<Emissive r="0" g="0" b="0" a="1"/>
<Shininess>0.3125</Shininess>
</VisualProperties>
</Part>
<Part name="Belt4-5^Assem1" uid="Belt4-5^Assem1*:*Default" version="144">
<ModelUnits mass="kilogram" length="millimeter"/>
<PartFile name="Assem1.sldprt" type="SolidWorks Part"/>
<MassProperties>
<Mass>0.011571899677359039</Mass>
<CenterOfMass>-0.22989718625002795 0.0028691629025257783 0</CenterOfMass>
<Inertia>6.361901491403795e-07 0.00022392906867489475 0.00022449582742608615 0 0 2.7871738406896167e-06</Inertia>
</MassProperties>
<GeometryFile name="Belt4-5-Assem1_Default_sldprt.STEP" type="STEP"/>
<VisualProperties>
<Ambient r="0.29803921568627451" g="0.29803921568627451" b="0.29803921568627451" a="1"/>
<Diffuse r="0.29803921568627451" g="0.29803921568627451" b="0.29803921568627451" a="1"/>
<Specular r="0.14901960784313725" g="0.14901960784313725" b="0.14901960784313725" a="1"/>
<Emissive r="0" g="0" b="0" a="1"/>
<Shininess>0.3125</Shininess>
</VisualProperties>
</Part>
<Part name="GT2 idler pulley (5 mm bore) v1" uid="GT2 idler pulley (5 mm bore) v1*:*Default" version="102">
<ModelUnits mass="kilogram" length="millimeter"/>
<PartFile name="GT2 idler pulley (5 mm bore) v1.SLDPRT" type="SolidWorks Part"/>
<MassProperties>
<Mass>0.00094266000845084626</Mass>
<CenterOfMass>0 0 0.0032499999999999999</CenterOfMass>
<Inertia>1.9004456586132637e-08 1.9004456586132634e-08 2.4376050148878867e-08 0 0 0</Inertia>
</MassProperties>
<GeometryFile name="GT2 idler pulley (5 mm bore) v1_Default_sldprt.STEP" type="STEP"/>
<VisualProperties>
<Ambient r="0.792156862745098" g="0.81960784313725488" b="0.93333333333333335" a="1"/>
<Diffuse r="0.792156862745098" g="0.81960784313725488" b="0.93333333333333335" a="1"/>
<Specular r="0.396078431372549" g="0.40980392156862744" b="0.46666666666666667" a="1"/>
<Emissive r="0" g="0" b="0" a="1"/>
<Shininess>0.3125</Shininess>
</VisualProperties>
</Part>
<Part name="GT2_20T" uid="GT2_20T*:*????????????1" version="652">
<ModelUnits mass="kilogram" length="millimeter"/>
<PartFile name="GT2_20T.SLDPRT" type="SolidWorks Part"/>
<MassProperties>
<Mass>0.0058050293210974348</Mass>
<CenterOfMass>0.0071216940700958358 -4.239080160843165e-05 -4.2390354619368822e-05</CenterOfMass>
<Inertia>1.7827875191936514e-07 2.2367183620980348e-07 2.2367183598713466e-07 1.0431420440897886e-11 -7.6874372031395361e-10 -7.6865124672731782e-10</Inertia>
</MassProperties>
<GeometryFile name="GT2_20T_????????????1_sldprt.STEP" type="STEP"/>
<VisualProperties>
<Ambient r="0.89411764705882346" g="0.90980392156862744" b="0.92941176470588238" a="1"/>
<Diffuse r="0.89411764705882346" g="0.90980392156862744" b="0.92941176470588238" a="1"/>
<Specular r="0.44705882352941173" g="0.45490196078431372" b="0.46470588235294119" a="1"/>
<Emissive r="0" g="0" b="0" a="1"/>
<Shininess>0.3125</Shininess>
</VisualProperties>
</Part>
<Part name="JGA25-370 12V Planetary Geared Motor" uid="JGA25-370 12V Planetary Geared Motor*:*Ratio 171 &amp; 226" version="1092">
<ModelUnits mass="kilogram" length="millimeter"/>
<PartFile name="JGA25-370 12V Planetary Geared Motor.SLDPRT" type="SolidWorks Part"/>
<MassProperties>
<Mass>0.010900645090774345</Mass>
<CenterOfMass>-3.1256828344094816e-07 -0.018324147946437698 5.2090981228793629e-06</CenterOfMass>
<Inertia>3.2173654991158057e-06 1.0647488384395818e-06 3.2177425863394944e-06 1.1829690181015381e-09 -1.4735401744626903e-14 -1.0435672638918266e-10</Inertia>
</MassProperties>
<GeometryFile name="JGA25-370 12V Planetary Geared Motor_Ratio 171 &amp; 226_sldprt.STEP" type="STEP"/>
<VisualProperties>
<Ambient r="0.792156862745098" g="0.81960784313725488" b="0.93333333333333335" a="1"/>
<Diffuse r="0.792156862745098" g="0.81960784313725488" b="0.93333333333333335" a="1"/>
<Specular r="0.396078431372549" g="0.40980392156862744" b="0.46666666666666667" a="1"/>
<Emissive r="0" g="0" b="0" a="1"/>
<Shininess>0.3125</Shininess>
</VisualProperties>
</Part>
<Part name="Mini Idler Pulley - POM V-Slot" uid="Mini Idler Pulley - POM V-Slot*:*Default" version="107">
<ModelUnits mass="kilogram" length="millimeter"/>
<PartFile name="Mini Idler Pulley - POM V-Slot.SLDPRT" type="SolidWorks Part"/>
<MassProperties>
<Mass>0.0012766653456037511</Mass>
<CenterOfMass>0.0043999999390348359 0 0</CenterOfMass>
<Inertia>0 0 0 0 0 0</Inertia>
</MassProperties>
<GeometryFile name="Mini Idler Pulley - POM V-Slot_Default_sldprt.STEP" type="STEP"/>
<VisualProperties>
<Ambient r="0.792156862745098" g="0.81960784313725488" b="0.93333333333333335" a="1"/>
<Diffuse r="0.792156862745098" g="0.81960784313725488" b="0.93333333333333335" a="1"/>
<Specular r="0.396078431372549" g="0.40980392156862744" b="0.46666666666666667" a="1"/>
<Emissive r="0" g="0" b="0" a="1"/>
<Shininess>0.3125</Shininess>
</VisualProperties>
</Part>
<Part name="Shaft Coupler" uid="Shaft Coupler*:*Default" version="458">
<ModelUnits mass="kilogram" length="millimeter"/>
<PartFile name="Shaft Coupler.SLDPRT" type="SolidWorks Part"/>
<MassProperties>
<Mass>0.025288351463255806</Mass>
<CenterOfMass>0.00010988520826203531 0.00020665146519692736 0.00011074587977016362</CenterOfMass>
<Inertia>1.5725802137615888e-06 8.5956180464448189e-07 1.5725886687385252e-06 -3.2339078247412411e-09 1.2125912330053583e-10 -4.9816838966987812e-10</Inertia>
</MassProperties>
<GeometryFile name="Shaft Coupler_Default_sldprt.STEP" type="STEP"/>
<VisualProperties>
<Ambient r="0.6470588235294118" g="0.61960784313725492" b="0.58823529411764708" a="1"/>
<Diffuse r="0.6470588235294118" g="0.61960784313725492" b="0.58823529411764708" a="1"/>
<Specular r="0.45294117647058824" g="0.43372549019607842" b="0.41176470588235292" a="1"/>
<Emissive r="0" g="0" b="0" a="1"/>
<Shininess>0.3125</Shininess>
</VisualProperties>
</Part>
<Part name="base" uid="base*:*Default" version="212">
<ModelUnits mass="kilogram" length="millimeter"/>
<PartFile name="base.SLDPRT" type="SolidWorks Part"/>
<MassProperties>
<Mass>0.015493465492103628</Mass>
<CenterOfMass>-0.016434331496238231 0.38911764705882335 0.0029485702219100214</CenterOfMass>
<Inertia>6.6200401416572348e-06 6.279434820685492e-06 1.2807658564496046e-05 0 -2.8890293940317373e-11 0</Inertia>
</MassProperties>
<GeometryFile name="base_Default_sldprt.STEP" type="STEP"/>
<VisualProperties>
<Ambient r="1" g="1" b="1" a="1"/>
<Diffuse r="1" g="1" b="1" a="1"/>
<Specular r="1" g="1" b="1" a="1"/>
<Emissive r="0" g="0" b="0" a="1"/>
<Shininess>0.3125</Shininess>
</VisualProperties>
</Part>
<Part name="bolt" uid="bolt*:*Default" version="299">
<ModelUnits mass="kilogram" length="millimeter"/>
<PartFile name="bolt.SLDPRT" type="SolidWorks Part"/>
<MassProperties>
<Mass>0.0074265128690014955</Mass>
<CenterOfMass>0.019404574883749047 -1.0805636222496351e-06 1.4694096337174371e-06</CenterOfMass>
<Inertia>2.7213620148181177e-08 1.8102967390544735e-06 1.8103130248038989e-06 2.4774154776713691e-13 -6.9779086103882866e-11 -1.1697960651922109e-11</Inertia>
</MassProperties>
<GeometryFile name="bolt_Default_sldprt.STEP" type="STEP"/>
<VisualProperties>
<Ambient r="0.52941176470588236" g="0.5490196078431373" b="0.5490196078431373" a="1"/>
<Diffuse r="0.52941176470588236" g="0.5490196078431373" b="0.5490196078431373" a="1"/>
<Specular r="0.37058823529411761" g="0.3843137254901961" b="0.3843137254901961" a="1"/>
<Emissive r="0.11117647058823529" g="0.11529411764705882" b="0.11529411764705882" a="1"/>
<Shininess>0.3125</Shininess>
</VisualProperties>
</Part>
<Part name="side" uid="side*:*Default" version="108">
<ModelUnits mass="kilogram" length="millimeter"/>
<PartFile name="side.SLDPRT" type="SolidWorks Part"/>
<MassProperties>
<Mass>0.0089615337578794543</Mass>
<CenterOfMass>0.010055121623041733 -0.017048170122669223 0.0030000000000000001</CenterOfMass>
<Inertia>3.6212081797247166e-06 1.2273429188185806e-06 4.7947818959960196e-06 0 0 3.0684704092682159e-09</Inertia>
</MassProperties>
<GeometryFile name="side_Default_sldprt.STEP" type="STEP"/>
<VisualProperties>
<Ambient r="1" g="1" b="1" a="1"/>
<Diffuse r="1" g="1" b="1" a="1"/>
<Specular r="1" g="1" b="1" a="1"/>
<Emissive r="0" g="0" b="0" a="1"/>
<Shininess>0.3125</Shininess>
</VisualProperties>
</Part>
</Parts>
</SimscapeMultibodyImportXML>
