<?xml version="1.0" encoding="UTF-8" standalone="no" ?>
<SimscapeMultibodyImportXML version="2.0" xmlns="urn:mathworks:SimscapeMultibody:import" xmlns:xsi="http://www.w3.org/2001/XMLSchema-instance">
<Created by="" on="12/15/24||21:53:10" using="Simscape Multibody Link Version 7.4" from="SolidWorks 31.5.0"/>
<ModelUnits mass="kilogram" length="millimeter"/>
<DataUnits mass="kilogram" length="meter"/>
<RootAssembly name="Assem1" uid="Assem1" version="2606">
<AssemblyFile name="Assem1.SLDASM" type="SolidWorks Assembly"/>
<InstanceTree>
<Instance name="base-2" uid="base-2" entityUid="base*:*Default">
<Transform>
<Rotation>-0.073606240963643946 -0.9972221639961304 0.011405127183717481 -0.00015563427965983154 0.011447635016559611 0.99993446156760635 -0.99728736935207052 0.073599641897243107 -0.00099781933464709112</Rotation>
<Translation>0.41681909897190184 0.064353080896597234 -0.11902656850397594</Translation>
</Transform>
</Instance>
<Instance name="side-5" uid="side-5" grounded="true" entityUid="side*:*Default">
<Transform>
<Rotation>0.073606240963644126 0.011405127183717115 -0.9972221639961304 0.00015563427965994232 0.99993446156760624 0.011447635016559253 0.99728736935207041 -0.00099781933464717721 0.073599641897243315</Rotation>
<Translation>0.068344588601883249 0.075421173192250349 0.23558708961204891</Translation>
</Transform>
</Instance>
<Instance name="??????? V-slot 20x20-2" uid="??????? V-slot 20x20-2" grounded="true" entityUid="??????? V-slot 20x20*:*500">
<Transform>
<Rotation>0.99722216399613051 0.011405127183717476 0.073606240963643765 -0.011447635016559609 0.99993446156760635 0.00015563427965982837 -0.073599641897242982 -0.00099781933464708613 0.99728736935207074</Rotation>
<Translation>0.017322632450095063 0.033794801990196188 -0.23185678828684278</Translation>
</Transform>
</Instance>
<Instance name="side-6" uid="side-6" entityUid="side*:*Default">
<Transform>
<Rotation>0.073606240963643724 0.011405127183717841 -0.99722216399613062 0.00015563427965964959 0.99993446156760624 0.011447635016559954 0.99728736935207052 -0.00099781933464690789 0.073599641897242843</Rotation>
<Translation>0.0085579414947077413 0.075647219934037391 -0.22125150960057541</Translation>
</Transform>
</Instance>
<Instance name="Shaft Coupler-2" uid="Shaft Coupler-2" entityUid="Shaft Coupler*:*Default">
<Transform>
<Rotation>-0.051656568404831592 0.9972221639961304 -0.053661481301879435 0.60558575955494798 -0.011447635016559508 -0.79569770608993495 -0.79410168540615356 -0.073599641897244605 -0.60331219608731901</Rotation>
<Translation>0.044567239557427502 0.067066226261559253 -0.21435606539230495</Translation>
</Transform>
</Instance>
<Instance name="bolt-1" uid="bolt-1" entityUid="bolt*:*Default">
<Transform>
<Rotation>-0.011405127183717469 0.83566685887016068 -0.54911822411936251 -0.99993446156760613 -0.0089835099355755222 0.0070971204540139134 0.00099781933464709437 0.54916317933317105 0.83571454864759831</Rotation>
<Translation>0.0472599945908381 0.076560795857588709 -0.051833744317253211</Translation>
</Transform>
</Instance>
<Instance name="bolt-6" uid="bolt-6" entityUid="bolt*:*Default">
<Transform>
<Rotation>0.99722216399613051 -0.069562170382922922 -0.026628182185270396 -0.011447635016559899 -0.49638734321210309 0.86802566618237609 -0.073599641897242732 -0.8653096035237603 -0.49580478291576691</Rotation>
<Translation>0.0012628670921313763 0.067563339765076127 -0.21116000088808912</Translation>
</Transform>
</Instance>
<Instance name="side-7" uid="side-7" grounded="true" entityUid="side*:*Default">
<Transform>
<Rotation>0.073606240963644126 0.011405127183717821 -0.99722216399613062 0.00015563427965994351 0.99993446156760635 0.011447635016559966 0.99728736935207041 -0.00099781933464723142 0.073599641897243315</Rotation>
<Translation>0.042416812337983896 0.075718811702680883 0.23750068030137717</Translation>
</Transform>
</Instance>
<Instance name="bolt-3" uid="bolt-3" entityUid="bolt*:*Default">
<Transform>
<Rotation>-0.011405127183717469 0.83566685887016068 -0.54911822411936251 -0.99993446156760613 -0.0089835099355755222 0.0070971204540139134 0.00099781933464709437 0.54916317933317105 0.83571454864759831</Rotation>
<Translation>0.044137420435571034 0.076554193434030915 -0.094141349272262864</Translation>
</Transform>
</Instance>
<Instance name="bolt-4" uid="bolt-4" entityUid="bolt*:*Default">
<Transform>
<Rotation>-0.011405127183717469 0.83566685887016068 -0.54911822411936251 -0.99993446156760613 -0.0089835099355755222 0.0070971204540139134 0.00099781933464709437 0.54916317933317105 0.83571454864759831</Rotation>
<Translation>0.016346107506958116 0.076915672543102054 -0.049552155418438659</Translation>
</Transform>
</Instance>
<Instance name="Mini Idler Pulley - POM V-Slot-3" uid="Mini Idler Pulley - POM V-Slot-3" entityUid="Mini Idler Pulley - POM V-Slot*:*Default">
<Transform>
<Rotation>-0.011405127183717475 -0.99174568161927057 -0.12771227843653668 -0.99993446156760624 0.01143916608075965 0.0004669570410273156 0.0009978193346472093 0.12770923407845275 -0.99181114930599079</Rotation>
<Translation>0.015913568058515629 0.038993158088150584 -0.049514313120172168</Translation>
</Transform>
</Instance>
<Instance name="Mini Idler Pulley - POM V-Slot-5" uid="Mini Idler Pulley - POM V-Slot-5" entityUid="Mini Idler Pulley - POM V-Slot*:*Default">
<Transform>
<Rotation>0.011405127183717485 -0.99174568161927068 0.12771227843653665 0.99993446156760624 0.011439166080759646 -0.00046695704102743822 -0.00099781933464708722 0.12770923407845275 0.99181114930599079</Rotation>
<Translation>0.043604515867911836 0.029832255717284498 -0.09409472616385145</Translation>
</Transform>
</Instance>
<Instance name="GT2_20T-2" uid="GT2_20T-2" entityUid="GT2_20T*:*????????????1">
<Transform>
<Rotation>-0.99722216399613051 0.07386523925840581 0.0095855132451647829 0.011447635016559959 0.024827716244559535 0.99962619821541676 0.073599641897242815 0.9969591320286797 -0.025604331219922675</Rotation>
<Translation>0.030107518185702682 0.06723221692237652 -0.21328887053047602</Translation>
</Transform>
</Instance>
<Instance name="bolt-5" uid="bolt-5" entityUid="bolt*:*Default">
<Transform>
<Rotation>0.9972221639961304 -0.060285701562525877 0.043744597632037689 -0.011447635016559852 0.45627168698186504 0.88976687919434871 -0.073599641897243273 -0.88779602490990961 0.4543141103540157</Rotation>
<Translation>0.035121737935407446 0.067634931533720077 0.24759218901386365</Translation>
</Transform>
</Instance>
<Instance name="JGA25-370 12V Planetary Geared Motor-1" uid="JGA25-370 12V Planetary Geared Motor-1" entityUid="JGA25-370 12V Planetary Geared Motor*:*Ratio 171 &amp; 226">
<Transform>
<Rotation>0.069607203154492481 -0.9972221639961304 -0.026510241490491748 -0.20845875220952109 0.011447635016559566 -0.9779641610405656 0.9755510165523168 0.073599641897244439 -0.20708285012607561</Rotation>
<Translation>0.060522794181365587 0.066883064101294298 -0.21553365966266086</Translation>
</Transform>
</Instance>
<Instance name="Mini Idler Pulley - POM V-Slot-4" uid="Mini Idler Pulley - POM V-Slot-4" entityUid="Mini Idler Pulley - POM V-Slot*:*Default">
<Transform>
<Rotation>-0.011405127183717285 -0.99174568161927057 -0.12771227843653662 -0.99993446156760613 0.011439166080759455 0.00046695704102730237 0.00099781933464719846 0.12770923407845272 -0.9918111493059909</Rotation>
<Translation>0.04682745514239562 0.038638281402637309 -0.05179590201898672</Translation>
</Transform>
</Instance>
<Instance name="Belt4-5^Assem1-1" uid="Belt4-5^Assem1-1" entityUid="Belt4-5^Assem1*:*Default">
<Transform>
<Rotation>-0.073458182164062594 0.01232278815957096 0.99722216399613084 0.012322788159576664 0.99985854026682286 -0.011447635016558726 -0.99722216399613073 0.011447635016564863 -0.073599641897239831</Rotation>
<Translation>0.019187935489977187 0.067357568525652403 -0.21248295445119872</Translation>
</Transform>
</Instance>
<Instance name="Mini Idler Pulley - POM V-Slot-6" uid="Mini Idler Pulley - POM V-Slot-6" entityUid="Mini Idler Pulley - POM V-Slot*:*Default">
<Transform>
<Rotation>0.011405127183717485 -0.99174568161927068 0.12771227843653662 0.99993446156760624 0.011439166080759646 -0.00046695704102743779 -0.00099781933464708722 0.12770923407845272 0.99181114930599079</Rotation>
<Translation>0.012690628784031852 0.030187132402797835 -0.091813137265036954</Translation>
</Transform>
</Instance>
<Instance name="bolt-2" uid="bolt-2" entityUid="bolt*:*Default">
<Transform>
<Rotation>-0.011405127183717469 0.83566685887016068 -0.54911822411936251 -0.99993446156760613 -0.0089835099355755222 0.0070971204540139134 0.00099781933464709437 0.54916317933317105 0.83571454864759831</Rotation>
<Translation>0.013223533351691047 0.076909070119544259 -0.091859760373448313</Translation>
</Transform>
</Instance>
<Instance name="GT2 idler pulley (5 mm bore) v1-1" uid="GT2 idler pulley (5 mm bore) v1-1" entityUid="GT2 idler pulley (5 mm bore) v1*:*Default">
<Transform>
<Rotation>0.028312330574642015 -0.068893886320246164 -0.9972221639961304 0.97220933649521724 0.23383318345362597 0.011447635016558742 0.2323949611522626 -0.96983280762388924 0.073599641897243426</Rotation>
<Translation>0.05698583388130371 0.067383942103323227 0.24597851687414815</Translation>
</Transform>
</Instance>
<Instance name="T-5" uid="T-5" entityUid="T*:*Default">
<Transform>
<Rotation>0.073606240963644001 0.99722216399613051 0.01140512718371703 0.00015563427965914481 -0.011447635016559108 0.99993446156760646 0.99728736935207052 -0.07359964189724319 -0.00099781933464636991</Rotation>
<Translation>0.047536110053789112 0.017150646251878746 0.25474186401898513</Translation>
</Transform>
</Instance>
<Instance name="T-1" uid="T-1" entityUid="T*:*Default">
<Transform>
<Rotation>0.073606240963643793 0.99722216399613051 0.011405127183717003 0.00015563427965986634 -0.011447635016559135 0.99993446156760635 0.99728736935207041 -0.073599641897242968 -0.00099781933464708895</Rotation>
<Translation>0.045695954029698019 0.017146755394887227 0.22980967978518341</Translation>
</Transform>
</Instance>
</InstanceTree>
<Constraints>
<Coincident name="Coincident1">
<ConstraintGeometry geomType="line">
<InstancePath>
<Uid>??????? V-slot 20x20-2</Uid>
</InstancePath>
<Position>0.0099999999999999811 -0.010000000000000002 0.50000000000000022</Position>
<Axis>0 0 -1.0000000000000002</Axis>
</ConstraintGeometry>
<ConstraintGeometry geomType="line">
<InstancePath>
<Uid>side-5</Uid>
</InstancePath>
<Position>-0.0079378881987577365 -0.051739130434782607 0.0059999999999999984</Position>
<Axis>1.0000000000000002 0 0</Axis>
</ConstraintGeometry>
</Coincident>
<Coincident name="Coincident2">
<ConstraintGeometry geomType="plane">
<InstancePath>
<Uid>??????? V-slot 20x20-2</Uid>
</InstancePath>
<Position>0 0 0.50000000000000033</Position>
<Axis>0 0 1.0000000000000002</Axis>
</ConstraintGeometry>
<ConstraintGeometry geomType="plane">
<InstancePath>
<Uid>side-5</Uid>
</InstancePath>
<Position>0.030062111801242214 0.016260869565217356 0.0059999999999999915</Position>
<Axis>1.0000000000000002 1.0516761073109393e-16 0</Axis>
</ConstraintGeometry>
</Coincident>
<Coincident name="Coincident4">
<ConstraintGeometry geomType="line">
<InstancePath>
<Uid>??????? V-slot 20x20-2</Uid>
</InstancePath>
<Position>-0.010000000000000019 -0.010000000000000002 0.50000000000000022</Position>
<Axis>0 0 -1.0000000000000002</Axis>
</ConstraintGeometry>
<ConstraintGeometry geomType="line">
<InstancePath>
<Uid>side-7</Uid>
</InstancePath>
<Position>-0.0079378881987577365 -0.051739130434782607 0</Position>
<Axis>1.0000000000000002 0 0</Axis>
</ConstraintGeometry>
</Coincident>
<Coincident name="Coincident5">
<ConstraintGeometry geomType="plane">
<InstancePath>
<Uid>??????? V-slot 20x20-2</Uid>
</InstancePath>
<Position>0 0 0.50000000000000033</Position>
<Axis>0 0 1.0000000000000002</Axis>
</ConstraintGeometry>
<ConstraintGeometry geomType="plane">
<InstancePath>
<Uid>side-7</Uid>
</InstancePath>
<Position>0.030062111801242242 0.016260869565217398 0.0060000000000000053</Position>
<Axis>1.0000000000000002 1.0430024899310553e-16 0</Axis>
</ConstraintGeometry>
</Coincident>
<Distance name="Distance1">
<ConstraintGeometry geomType="plane">
<InstancePath>
<Uid>GT2 idler pulley (5 mm bore) v1-1</Uid>
</InstancePath>
<Position>0 0 -0.0010000000000000078</Position>
<Axis>0 0 -1</Axis>
</ConstraintGeometry>
<ConstraintGeometry geomType="plane">
<InstancePath>
<Uid>side-5</Uid>
</InstancePath>
<Position>-0.0079378881987577365 -0.049739130434782612 0.0059999999999999984</Position>
<Axis>0 0 1.0000000000000002</Axis>
</ConstraintGeometry>
</Distance>
<Concentric name="Concentric5">
<ConstraintGeometry geomType="circle">
<InstancePath>
<Uid>side-5</Uid>
</InstancePath>
<Position>0.0095259130434782457 -0.0081766211180124559 0.0059999999999999915</Position>
<Axis>0 0 1.0000000000000002</Axis>
</ConstraintGeometry>
<ConstraintGeometry geomType="cylinder">
<InstancePath>
<Uid>GT2 idler pulley (5 mm bore) v1-1</Uid>
</InstancePath>
<Position>0 0 0</Position>
<Axis>0 0 1</Axis>
</ConstraintGeometry>
</Concentric>
<Concentric name="Concentric10">
<ConstraintGeometry geomType="cylinder">
<InstancePath>
<Uid>Shaft Coupler-2</Uid>
</InstancePath>
<Position>0 0.013985281374238573 0</Position>
<Axis>0 -1.0000000000000002 0</Axis>
</ConstraintGeometry>
<ConstraintGeometry geomType="cylinder">
<InstancePath>
<Uid>GT2_20T-2</Uid>
</InstancePath>
<Position>0 0 0</Position>
<Axis>1 0 0</Axis>
</ConstraintGeometry>
</Concentric>
<Concentric name="Concentric13">
<ConstraintGeometry geomType="cylinder">
<InstancePath>
<Uid>side-6</Uid>
</InstancePath>
<Position>0.0095259130434782735 -0.0081766211180124282 0.0060000000000000019</Position>
<Axis>0 0 -1.0000000000000002</Axis>
</ConstraintGeometry>
<ConstraintGeometry geomType="cylinder">
<InstancePath>
<Uid>GT2_20T-2</Uid>
</InstancePath>
<Position>0 0 0</Position>
<Axis>1 0 0</Axis>
</ConstraintGeometry>
</Concentric>
<Concentric name="Concentric14">
<ConstraintGeometry geomType="cylinder">
<InstancePath>
<Uid>base-2</Uid>
</InstancePath>
<Position>0.0026120836983749562 0.37361764705882333 0.0060000000000000053</Position>
<Axis>0 0 -1.0000000000000002</Axis>
</ConstraintGeometry>
<ConstraintGeometry geomType="cylinder">
<InstancePath>
<Uid>Mini Idler Pulley - POM V-Slot-5</Uid>
</InstancePath>
<Position>0.0019999999999999983 0 0</Position>
<Axis>-1 0 0</Axis>
</ConstraintGeometry>
</Concentric>
<Concentric name="Concentric17">
<ConstraintGeometry geomType="cylinder">
<InstancePath>
<Uid>base-2</Uid>
</InstancePath>
<Position>0.0026120836983749562 0.40461764705882325 0.0060000000000000053</Position>
<Axis>0 0 -1.0000000000000002</Axis>
</ConstraintGeometry>
<ConstraintGeometry geomType="cylinder">
<InstancePath>
<Uid>Mini Idler Pulley - POM V-Slot-6</Uid>
</InstancePath>
<Position>0.0020000000000000018 0 0</Position>
<Axis>-1 0 0</Axis>
</ConstraintGeometry>
</Concentric>
<Concentric name="Concentric18">
<ConstraintGeometry geomType="cylinder">
<InstancePath>
<Uid>base-2</Uid>
</InstancePath>
<Position>-0.039810598324056104 0.37361764705882339 0.0059999999999999915</Position>
<Axis>0 0 -1.0000000000000002</Axis>
</ConstraintGeometry>
<ConstraintGeometry geomType="cylinder">
<InstancePath>
<Uid>Mini Idler Pulley - POM V-Slot-4</Uid>
</InstancePath>
<Position>0.0019999999999999879 0 0</Position>
<Axis>-1 0 0</Axis>
</ConstraintGeometry>
</Concentric>
<Concentric name="Concentric19">
<ConstraintGeometry geomType="cylinder">
<InstancePath>
<Uid>base-2</Uid>
</InstancePath>
<Position>-0.039810598324056104 0.4046176470588233 0.0059999999999999915</Position>
<Axis>0 0 -1.0000000000000002</Axis>
</ConstraintGeometry>
<ConstraintGeometry geomType="cylinder">
<InstancePath>
<Uid>Mini Idler Pulley - POM V-Slot-3</Uid>
</InstancePath>
<Position>0.0019999999999999879 0 0</Position>
<Axis>-1 0 0</Axis>
</ConstraintGeometry>
</Concentric>
<Distance name="Distance8">
<ConstraintGeometry geomType="plane">
<InstancePath>
<Uid>base-2</Uid>
</InstancePath>
<Position>0 0 0</Position>
<Axis>0 0 -1.0000000000000002</Axis>
</ConstraintGeometry>
<ConstraintGeometry geomType="plane">
<InstancePath>
<Uid>??????? V-slot 20x20-2</Uid>
</InstancePath>
<Position>0.0050999999999999865 0.010000000000000002 0.50000000000000033</Position>
<Axis>0 1.0000000000000002 0</Axis>
</ConstraintGeometry>
</Distance>
<Tangent name="Tangent4">
<ConstraintGeometry geomType="plane">
<InstancePath>
<Uid>??????? V-slot 20x20-2</Uid>
</InstancePath>
<Position>0.0079999999999999793 0.0030999999999999986 0.50000000000000022</Position>
<Axis>0.70710678118654879 -0.70710678118654657 0</Axis>
</ConstraintGeometry>
<ConstraintGeometry geomType="cone">
<InstancePath>
<Uid>Mini Idler Pulley - POM V-Slot-4</Uid>
</InstancePath>
<Position>0.0006999999999999923 0 0</Position>
<Axis>-1 0 0</Axis>
</ConstraintGeometry>
</Tangent>
<Distance name="Distance12">
<ConstraintGeometry geomType="plane">
<InstancePath>
<Uid>Mini Idler Pulley - POM V-Slot-4</Uid>
</InstancePath>
<Position>0 0 0.0049999999999999975</Position>
<Axis>-1 0 0</Axis>
</ConstraintGeometry>
<ConstraintGeometry geomType="plane">
<InstancePath>
<Uid>base-2</Uid>
</InstancePath>
<Position>0 0 0</Position>
<Axis>0 0 -1.0000000000000002</Axis>
</ConstraintGeometry>
</Distance>
<Distance name="Distance13">
<ConstraintGeometry geomType="plane">
<InstancePath>
<Uid>Mini Idler Pulley - POM V-Slot-6</Uid>
</InstancePath>
<Position>0.0088000000000000023 0 0.0076149999999999968</Position>
<Axis>1 0 0</Axis>
</ConstraintGeometry>
<ConstraintGeometry geomType="plane">
<InstancePath>
<Uid>base-2</Uid>
</InstancePath>
<Position>0 0 0</Position>
<Axis>0 0 -1.0000000000000002</Axis>
</ConstraintGeometry>
</Distance>
<Distance name="Distance14">
<ConstraintGeometry geomType="plane">
<InstancePath>
<Uid>Mini Idler Pulley - POM V-Slot-3</Uid>
</InstancePath>
<Position>0 0 0.0049999999999999906</Position>
<Axis>-1 0 0</Axis>
</ConstraintGeometry>
<ConstraintGeometry geomType="plane">
<InstancePath>
<Uid>base-2</Uid>
</InstancePath>
<Position>0 0 0</Position>
<Axis>0 0 -1.0000000000000002</Axis>
</ConstraintGeometry>
</Distance>
<Distance name="Distance15">
<ConstraintGeometry geomType="plane">
<InstancePath>
<Uid>Mini Idler Pulley - POM V-Slot-5</Uid>
</InstancePath>
<Position>0.0087999999999999988 0 0.0076149999999999968</Position>
<Axis>1 0 0</Axis>
</ConstraintGeometry>
<ConstraintGeometry geomType="plane">
<InstancePath>
<Uid>base-2</Uid>
</InstancePath>
<Position>0 0 0</Position>
<Axis>0 0 -1.0000000000000002</Axis>
</ConstraintGeometry>
</Distance>
<Coincident name="Coincident28">
<ConstraintGeometry geomType="circle">
<InstancePath>
<Uid>base-2</Uid>
</InstancePath>
<Position>-0.039810598324056104 0.37361764705882339 0.0059999999999999915</Position>
<Axis>0 0 1.0000000000000002</Axis>
</ConstraintGeometry>
<ConstraintGeometry geomType="circle">
<InstancePath>
<Uid>bolt-1</Uid>
</InstancePath>
<Position>0.00192500000000001 0 0</Position>
<Axis>1 0 0</Axis>
</ConstraintGeometry>
</Coincident>
<Coincident name="Coincident30">
<ConstraintGeometry geomType="circle">
<InstancePath>
<Uid>base-2</Uid>
</InstancePath>
<Position>0.0026120836983749562 0.37361764705882333 0.0060000000000000053</Position>
<Axis>0 0 1.0000000000000002</Axis>
</ConstraintGeometry>
<ConstraintGeometry geomType="circle">
<InstancePath>
<Uid>bolt-3</Uid>
</InstancePath>
<Position>0.00192500000000001 0 0</Position>
<Axis>1 0 0</Axis>
</ConstraintGeometry>
</Coincident>
<Coincident name="Coincident31">
<ConstraintGeometry geomType="circle">
<InstancePath>
<Uid>base-2</Uid>
</InstancePath>
<Position>-0.039810598324056104 0.4046176470588233 0.0059999999999999915</Position>
<Axis>0 0 1.0000000000000002</Axis>
</ConstraintGeometry>
<ConstraintGeometry geomType="circle">
<InstancePath>
<Uid>bolt-4</Uid>
</InstancePath>
<Position>0.0019250000000000239 0 0</Position>
<Axis>1 0 0</Axis>
</ConstraintGeometry>
</Coincident>
<Coincident name="Coincident32">
<ConstraintGeometry geomType="circle">
<InstancePath>
<Uid>base-2</Uid>
</InstancePath>
<Position>0.0026120836983749562 0.40461764705882325 0.0060000000000000053</Position>
<Axis>0 0 1.0000000000000002</Axis>
</ConstraintGeometry>
<ConstraintGeometry geomType="circle">
<InstancePath>
<Uid>bolt-2</Uid>
</InstancePath>
<Position>0.00192500000000001 0 0</Position>
<Axis>1 0 0</Axis>
</ConstraintGeometry>
</Coincident>
<Concentric name="Concentric21">
<ConstraintGeometry geomType="circle">
<InstancePath>
<Uid>side-7</Uid>
</InstancePath>
<Position>0.0095259130434782735 -0.0081766211180124143 0.0059999999999999984</Position>
<Axis>0 0 1.0000000000000002</Axis>
</ConstraintGeometry>
<ConstraintGeometry geomType="circle">
<InstancePath>
<Uid>bolt-5</Uid>
</InstancePath>
<Position>0.0019250000000000066 0 0</Position>
<Axis>1.0000000000000002 0 0</Axis>
</ConstraintGeometry>
</Concentric>
<Parallel name="Parallel7">
<ConstraintGeometry geomType="plane">
<InstancePath>
<Uid>??????? V-slot 20x20-2</Uid>
</InstancePath>
<Position>-0.010000000000000023 -0.0051000000000000038 0.50000000000000022</Position>
<Axis>-1 3.5756987648571936e-16 0</Axis>
</ConstraintGeometry>
<ConstraintGeometry geomType="plane">
<InstancePath>
<Uid>side-7</Uid>
</InstancePath>
<Position>-0.0079378881987577365 -0.049739130434782591 0.0059999999999999984</Position>
<Axis>0 0 1.0000000000000002</Axis>
</ConstraintGeometry>
</Parallel>
<Parallel name="Parallel8">
<ConstraintGeometry geomType="plane">
<InstancePath>
<Uid>??????? V-slot 20x20-2</Uid>
</InstancePath>
<Position>0.0099999999999999881 -0.0051000000000000038 0.50000000000000022</Position>
<Axis>1 3.5019730171281793e-16 0</Axis>
</ConstraintGeometry>
<ConstraintGeometry geomType="plane">
<InstancePath>
<Uid>side-5</Uid>
</InstancePath>
<Position>-0.0079378881987577643 -0.049739130434782605 0</Position>
<Axis>0 0 -1.0000000000000002</Axis>
</ConstraintGeometry>
</Parallel>
<Parallel name="Parallel9">
<ConstraintGeometry geomType="plane">
<InstancePath>
<Uid>??????? V-slot 20x20-2</Uid>
</InstancePath>
<Position>-0.010000000000000023 -0.0051000000000000038 0.50000000000000022</Position>
<Axis>-1 3.5756987648571936e-16 0</Axis>
</ConstraintGeometry>
<ConstraintGeometry geomType="plane">
<InstancePath>
<Uid>side-6</Uid>
</InstancePath>
<Position>-0.0079378881987577643 -0.049739130434782605 0.0060000000000000019</Position>
<Axis>0 0 1.0000000000000002</Axis>
</ConstraintGeometry>
</Parallel>
<Coincident name="Coincident36">
<ConstraintGeometry geomType="plane">
<InstancePath>
<Uid>side-7</Uid>
</InstancePath>
<Position>-0.0079378881987577365 -0.049739130434782591 0.0059999999999999984</Position>
<Axis>0 0 1.0000000000000002</Axis>
</ConstraintGeometry>
<ConstraintGeometry geomType="plane">
<InstancePath>
<Uid>bolt-5</Uid>
</InstancePath>
<Position>0.0019250000000000066 0 0</Position>
<Axis>1.0000000000000002 0 0</Axis>
</ConstraintGeometry>
</Coincident>
<Concentric name="Concentric22">
<ConstraintGeometry geomType="circle">
<InstancePath>
<Uid>side-6</Uid>
</InstancePath>
<Position>0.0095259130434782735 -0.0081766211180124282 0.0060000000000000019</Position>
<Axis>0 0 1.0000000000000002</Axis>
</ConstraintGeometry>
<ConstraintGeometry geomType="circle">
<InstancePath>
<Uid>bolt-6</Uid>
</InstancePath>
<Position>0.0019250000000000031 0 0</Position>
<Axis>1 0 0</Axis>
</ConstraintGeometry>
</Concentric>
<Coincident name="Coincident37">
<ConstraintGeometry geomType="plane">
<InstancePath>
<Uid>side-6</Uid>
</InstancePath>
<Position>-0.0079378881987577643 -0.049739130434782605 0.0060000000000000019</Position>
<Axis>0 0 1.0000000000000002</Axis>
</ConstraintGeometry>
<ConstraintGeometry geomType="circle">
<InstancePath>
<Uid>bolt-6</Uid>
</InstancePath>
<Position>0.0019249999999999996 0 0</Position>
<Axis>1 0 0</Axis>
</ConstraintGeometry>
</Coincident>
<UnknownConstraint name="Lock1">
<ConstraintGeometry geomType="Unknown">
<InstancePath>
<Uid>GT2_20T-2</Uid>
</InstancePath>
</ConstraintGeometry>
<ConstraintGeometry geomType="Unknown">
<InstancePath>
<Uid>bolt-6</Uid>
</InstancePath>
</ConstraintGeometry>
</UnknownConstraint>
<Parallel name="Parallel10">
<ConstraintGeometry geomType="line">
<InstancePath>
<Uid>??????? V-slot 20x20-2</Uid>
</InstancePath>
<Position>0.0084999999999999867 0.010000000000000002 0.50000000000000022</Position>
<Axis>0 0 -1.0000000000000002</Axis>
</ConstraintGeometry>
<ConstraintGeometry geomType="line">
<InstancePath>
<Uid>base-2</Uid>
</InstancePath>
<Position>0.013529411764705804 0.35411764705882331 0</Position>
<Axis>-1.0000000000000002 0 0</Axis>
</ConstraintGeometry>
</Parallel>
<Coincident name="Coincident48">
<ConstraintGeometry geomType="plane">
<InstancePath>
<Uid>??????? V-slot 20x20-2</Uid>
</InstancePath>
<Position>0 0 0.50000000000000033</Position>
<Axis>0 0 1.0000000000000002</Axis>
</ConstraintGeometry>
<ConstraintGeometry geomType="plane">
<InstancePath>
<Uid>side-7</Uid>
</InstancePath>
<Position>0.030062111801242242 0.016260869565217398 0.0060000000000000053</Position>
<Axis>1.0000000000000002 1.0430024899310553e-16 0</Axis>
</ConstraintGeometry>
</Coincident>
<Parallel name="Parallel16">
<ConstraintGeometry geomType="plane">
<InstancePath>
<Uid>??????? V-slot 20x20-2</Uid>
</InstancePath>
<Position>-0.01000000000000003 0.0051000000000000004 0.50000000000000033</Position>
<Axis>-1 -3.5019730171281793e-16 0</Axis>
</ConstraintGeometry>
<ConstraintGeometry geomType="plane">
<InstancePath>
<Uid>side-7</Uid>
</InstancePath>
<Position>-0.0079378881987577365 -0.049739130434782591 0</Position>
<Axis>0 0 -1.0000000000000002</Axis>
</ConstraintGeometry>
</Parallel>
<Coincident name="Coincident50">
<ConstraintGeometry geomType="plane">
<InstancePath>
<Uid>??????? V-slot 20x20-2</Uid>
</InstancePath>
<Position>0 0 0</Position>
<Axis>0 0 -1.0000000000000002</Axis>
</ConstraintGeometry>
<ConstraintGeometry geomType="plane">
<InstancePath>
<Uid>side-6</Uid>
</InstancePath>
<Position>-0.0099378881987577661 0.016260869565217384 0.0060000000000000019</Position>
<Axis>-1 -1.8214596497756474e-16 0</Axis>
</ConstraintGeometry>
</Coincident>
<Coincident name="Coincident51">
<ConstraintGeometry geomType="plane">
<InstancePath>
<Uid>??????? V-slot 20x20-2</Uid>
</InstancePath>
<Position>-0.01000000000000003 0.0051000000000000004 0.50000000000000033</Position>
<Axis>-1 -3.5019730171281793e-16 0</Axis>
</ConstraintGeometry>
<ConstraintGeometry geomType="plane">
<InstancePath>
<Uid>side-6</Uid>
</InstancePath>
<Position>-0.0079378881987577643 -0.049739130434782605 0</Position>
<Axis>0 0 -1.0000000000000002</Axis>
</ConstraintGeometry>
</Coincident>
<Coincident name="Coincident53">
<ConstraintGeometry geomType="plane">
<InstancePath>
<Uid>??????? V-slot 20x20-2</Uid>
</InstancePath>
<Position>-0.0051000000000000281 -0.0099999999999999985 0.50000000000000033</Position>
<Axis>0 -1.0000000000000002 0</Axis>
</ConstraintGeometry>
<ConstraintGeometry geomType="plane">
<InstancePath>
<Uid>side-6</Uid>
</InstancePath>
<Position>-0.0079378881987577365 -0.051739130434782593 0.0060000000000000019</Position>
<Axis>0 -1 0</Axis>
</ConstraintGeometry>
</Coincident>
<UnknownConstraint name="Lock2">
<ConstraintGeometry geomType="Unknown">
<InstancePath>
<Uid>Shaft Coupler-2</Uid>
</InstancePath>
</ConstraintGeometry>
<ConstraintGeometry geomType="Unknown">
<InstancePath>
<Uid>GT2_20T-2</Uid>
</InstancePath>
</ConstraintGeometry>
</UnknownConstraint>
<Distance name="Distance20">
<ConstraintGeometry geomType="plane">
<InstancePath>
<Uid>JGA25-370 12V Planetary Geared Motor-1</Uid>
</InstancePath>
<Position>0 0.0025000000000000022 0</Position>
<Axis>0 1 0</Axis>
</ConstraintGeometry>
<ConstraintGeometry geomType="plane">
<InstancePath>
<Uid>Shaft Coupler-2</Uid>
</InstancePath>
<Position>0 0.011499999999999996 0</Position>
<Axis>0 1.0000000000000002 0</Axis>
</ConstraintGeometry>
</Distance>
<Concentric name="Concentric26">
<ConstraintGeometry geomType="cylinder">
<InstancePath>
<Uid>Shaft Coupler-2</Uid>
</InstancePath>
<Position>0 0.011499999999999996 0</Position>
<Axis>0 -1.0000000000000002 0</Axis>
</ConstraintGeometry>
<ConstraintGeometry geomType="cylinder">
<InstancePath>
<Uid>JGA25-370 12V Planetary Geared Motor-1</Uid>
</InstancePath>
<Position>0 -0.0049999999999999906 0</Position>
<Axis>0 1 0</Axis>
</ConstraintGeometry>
</Concentric>
<UnknownConstraint name="BeltMate4">
<ConstraintGeometry geomType="cylinder">
<InstancePath>
<Uid>GT2_20T-2</Uid>
</InstancePath>
<Position>0 0 0</Position>
<Axis>-1 0 0</Axis>
</ConstraintGeometry>
<ConstraintGeometry geomType="cylinder">
<InstancePath>
<Uid>GT2 idler pulley (5 mm bore) v1-1</Uid>
</InstancePath>
<Position>0 0 0</Position>
<Axis>0 0 1</Axis>
</ConstraintGeometry>
</UnknownConstraint>
<Coincident name="Coincident58">
<ConstraintGeometry geomType="plane">
<InstancePath>
<Uid>??????? V-slot 20x20-2</Uid>
</InstancePath>
<Position>0.0039999999999999689 0.0027272077938642197 0.50000000000000033</Position>
<Axis>1 0 0</Axis>
</ConstraintGeometry>
<ConstraintGeometry geomType="plane">
<InstancePath>
<Uid>T-1</Uid>
</InstancePath>
<Position>0.0099999999999999811 0.0094934008195345261 0.019511221689057483</Position>
<Axis>0 -1 3.1921622463404464e-16</Axis>
</ConstraintGeometry>
</Coincident>
<Coincident name="Coincident59">
<ConstraintGeometry geomType="plane">
<InstancePath>
<Uid>??????? V-slot 20x20-2</Uid>
</InstancePath>
<Position>0.0039999999999999689 0.0027272077938642197 0.50000000000000033</Position>
<Axis>0.70710678118654791 -0.70710678118654757 0</Axis>
</ConstraintGeometry>
<ConstraintGeometry geomType="plane">
<InstancePath>
<Uid>T-1</Uid>
</InstancePath>
<Position>0.0099999999999999811 0.012066193025670306 0.022084013895193263</Position>
<Axis>0 -0.70710678118654779 0.70710678118654768</Axis>
</ConstraintGeometry>
</Coincident>
<Coincident name="Coincident65">
<ConstraintGeometry geomType="plane">
<InstancePath>
<Uid>??????? V-slot 20x20-2</Uid>
</InstancePath>
<Position>0.0039999999999999689 0.0027272077938642197 0.50000000000000033</Position>
<Axis>1 0 0</Axis>
</ConstraintGeometry>
<ConstraintGeometry geomType="plane">
<InstancePath>
<Uid>T-5</Uid>
</InstancePath>
<Position>0.0099999999999999534 0.009493400819534533 0.019511221689057494</Position>
<Axis>0 -1.0000000000000002 3.164108515127384e-16</Axis>
</ConstraintGeometry>
</Coincident>
<Coincident name="Coincident66">
<ConstraintGeometry geomType="plane">
<InstancePath>
<Uid>??????? V-slot 20x20-2</Uid>
</InstancePath>
<Position>0.0039999999999999689 -0.0027272077938642128 0.50000000000000022</Position>
<Axis>0.70710678118654779 0.70710678118654746 0</Axis>
</ConstraintGeometry>
<ConstraintGeometry geomType="plane">
<InstancePath>
<Uid>T-5</Uid>
</InstancePath>
<Position>0.0099999999999999534 0.009493400819534533 0.014056806101329061</Position>
<Axis>0 -0.70710678118654757 -0.70710678118654779</Axis>
</ConstraintGeometry>
</Coincident>
<Concentric name="Concentric32">
<ConstraintGeometry geomType="cylinder">
<InstancePath>
<Uid>side-5</Uid>
</InstancePath>
<Position>0.022562111801242263 -0.041739130434782619 0.0059999999999999915</Position>
<Axis>0 0 -1.0000000000000002</Axis>
</ConstraintGeometry>
<ConstraintGeometry geomType="cylinder">
<InstancePath>
<Uid>T-5</Uid>
</InstancePath>
<Position>0.0049999999999999489 0.029493400819534537 0.016784013895193246</Position>
<Axis>0 -1.0000000000000002 1.5758200950719004e-15</Axis>
</ConstraintGeometry>
</Concentric>
<Concentric name="Concentric33">
<ConstraintGeometry geomType="cylinder">
<InstancePath>
<Uid>side-5</Uid>
</InstancePath>
<Position>-0.0024378881987577317 -0.041739130434782612 0.0059999999999999984</Position>
<Axis>0 0 -1.0000000000000002</Axis>
</ConstraintGeometry>
<ConstraintGeometry geomType="cylinder">
<InstancePath>
<Uid>T-1</Uid>
</InstancePath>
<Position>0.0049999999999999767 0.029493400819534523 0.016784013895193243</Position>
<Axis>0 -1 1.5768907447172298e-15</Axis>
</ConstraintGeometry>
</Concentric>
</Constraints>
</RootAssembly>
<Assemblies>
</Assemblies>
<Parts>
<Part name="??????? V-slot 20x20" uid="??????? V-slot 20x20*:*500" version="196">
<ModelUnits mass="kilogram" length="millimeter"/>
<PartFile name="??????? V-slot 20x20.SLDPRT" type="SolidWorks Part"/>
<MassProperties>
<Mass>0.22910940224476145</Mass>
<CenterOfMass>0 0 0.24999999999999997</CenterOfMass>
<Inertia>0.0047823399709738083 0.0047823399709738083 1.845484841589031e-05 0 0 0</Inertia>
</MassProperties>
<GeometryFile name="??????? V-slot 20x20_500_sldprt.STEP" type="STEP"/>
<VisualProperties>
<Ambient r="0.89803921568627454" g="0.91764705882352937" b="0.92941176470588238" a="1"/>
<Diffuse r="0.89803921568627454" g="0.91764705882352937" b="0.92941176470588238" a="1"/>
<Specular r="0.44901960784313727" g="0.45882352941176469" b="0.46470588235294119" a="1"/>
<Emissive r="0" g="0" b="0" a="1"/>
<Shininess>0.3125</Shininess>
</VisualProperties>
</Part>
<Part name="Belt4-5^Assem1" uid="Belt4-5^Assem1*:*Default" version="144">
<ModelUnits mass="kilogram" length="millimeter"/>
<PartFile name="Assem1.sldprt" type="SolidWorks Part"/>
<MassProperties>
<Mass>0.011571899677359039</Mass>
<CenterOfMass>-0.22989718625002795 0.0028691629025257783 0</CenterOfMass>
<Inertia>6.361901491403795e-07 0.00022392906867489484 0.00022449582742608624 0 0 2.7871738406896175e-06</Inertia>
</MassProperties>
<GeometryFile name="Belt4-5-Assem1_Default_sldprt.STEP" type="STEP"/>
<VisualProperties>
<Ambient r="0.29803921568627451" g="0.29803921568627451" b="0.29803921568627451" a="1"/>
<Diffuse r="0.29803921568627451" g="0.29803921568627451" b="0.29803921568627451" a="1"/>
<Specular r="0.14901960784313725" g="0.14901960784313725" b="0.14901960784313725" a="1"/>
<Emissive r="0" g="0" b="0" a="1"/>
<Shininess>0.3125</Shininess>
</VisualProperties>
</Part>
<Part name="GT2 idler pulley (5 mm bore) v1" uid="GT2 idler pulley (5 mm bore) v1*:*Default" version="102">
<ModelUnits mass="kilogram" length="millimeter"/>
<PartFile name="GT2 idler pulley (5 mm bore) v1.SLDPRT" type="SolidWorks Part"/>
<MassProperties>
<Mass>0.00094266000845084604</Mass>
<CenterOfMass>0 0 0.0032499999999999999</CenterOfMass>
<Inertia>1.9004456586132637e-08 1.9004456586132634e-08 2.4376050148878864e-08 0 0 0</Inertia>
</MassProperties>
<GeometryFile name="GT2 idler pulley (5 mm bore) v1_Default_sldprt.STEP" type="STEP"/>
<VisualProperties>
<Ambient r="0.792156862745098" g="0.81960784313725488" b="0.93333333333333335" a="1"/>
<Diffuse r="0.792156862745098" g="0.81960784313725488" b="0.93333333333333335" a="1"/>
<Specular r="0.396078431372549" g="0.40980392156862744" b="0.46666666666666667" a="1"/>
<Emissive r="0" g="0" b="0" a="1"/>
<Shininess>0.3125</Shininess>
</VisualProperties>
</Part>
<Part name="GT2_20T" uid="GT2_20T*:*????????????1" version="652">
<ModelUnits mass="kilogram" length="millimeter"/>
<PartFile name="GT2_20T.SLDPRT" type="SolidWorks Part"/>
<MassProperties>
<Mass>0.0058050293210974366</Mass>
<CenterOfMass>0.007121694070095835 -4.2390801608431637e-05 -4.2390354619368774e-05</CenterOfMass>
<Inertia>1.7827875191936514e-07 2.2367183620980345e-07 2.2367183598713466e-07 1.043142044089798e-11 -7.6874372031395402e-10 -7.68651246727317e-10</Inertia>
</MassProperties>
<GeometryFile name="GT2_20T_????????????1_sldprt.STEP" type="STEP"/>
<VisualProperties>
<Ambient r="0.89411764705882346" g="0.90980392156862744" b="0.92941176470588238" a="1"/>
<Diffuse r="0.89411764705882346" g="0.90980392156862744" b="0.92941176470588238" a="1"/>
<Specular r="0.44705882352941173" g="0.45490196078431372" b="0.46470588235294119" a="1"/>
<Emissive r="0" g="0" b="0" a="1"/>
<Shininess>0.3125</Shininess>
</VisualProperties>
</Part>
<Part name="JGA25-370 12V Planetary Geared Motor" uid="JGA25-370 12V Planetary Geared Motor*:*Ratio 171 &amp; 226" version="1092">
<ModelUnits mass="kilogram" length="millimeter"/>
<PartFile name="JGA25-370 12V Planetary Geared Motor.SLDPRT" type="SolidWorks Part"/>
<MassProperties>
<Mass>0.010900645090774345</Mass>
<CenterOfMass>-3.1256828344094816e-07 -0.018324147946437698 5.2090981228793629e-06</CenterOfMass>
<Inertia>3.2173654991158057e-06 1.0647488384395818e-06 3.2177425863394944e-06 1.1829690181015381e-09 -1.4735401744626903e-14 -1.0435672638918266e-10</Inertia>
</MassProperties>
<GeometryFile name="JGA25-370 12V Planetary Geared Motor_Ratio 171 &amp; 226_sldprt.STEP" type="STEP"/>
<VisualProperties>
<Ambient r="0.792156862745098" g="0.81960784313725488" b="0.93333333333333335" a="1"/>
<Diffuse r="0.792156862745098" g="0.81960784313725488" b="0.93333333333333335" a="1"/>
<Specular r="0.396078431372549" g="0.40980392156862744" b="0.46666666666666667" a="1"/>
<Emissive r="0" g="0" b="0" a="1"/>
<Shininess>0.3125</Shininess>
</VisualProperties>
</Part>
<Part name="Mini Idler Pulley - POM V-Slot" uid="Mini Idler Pulley - POM V-Slot*:*Default" version="107">
<ModelUnits mass="kilogram" length="millimeter"/>
<PartFile name="Mini Idler Pulley - POM V-Slot.SLDPRT" type="SolidWorks Part"/>
<MassProperties>
<Mass>0.0012766653456037511</Mass>
<CenterOfMass>0.0043999999390348359 0 0</CenterOfMass>
<Inertia>4.0530682862276773e-08 2.779696455066709e-08 2.779696455066709e-08 0 0 0</Inertia>
</MassProperties>
<GeometryFile name="Mini Idler Pulley - POM V-Slot_Default_sldprt.STEP" type="STEP"/>
<VisualProperties>
<Ambient r="0.792156862745098" g="0.81960784313725488" b="0.93333333333333335" a="1"/>
<Diffuse r="0.792156862745098" g="0.81960784313725488" b="0.93333333333333335" a="1"/>
<Specular r="0.396078431372549" g="0.40980392156862744" b="0.46666666666666667" a="1"/>
<Emissive r="0" g="0" b="0" a="1"/>
<Shininess>0.3125</Shininess>
</VisualProperties>
</Part>
<Part name="Shaft Coupler" uid="Shaft Coupler*:*Default" version="458">
<ModelUnits mass="kilogram" length="millimeter"/>
<PartFile name="Shaft Coupler.SLDPRT" type="SolidWorks Part"/>
<MassProperties>
<Mass>0.025288351463255806</Mass>
<CenterOfMass>0.00010988520826203531 0.00020665146519692736 0.00011074587977016363</CenterOfMass>
<Inertia>1.5725802137615888e-06 8.5956180464448189e-07 1.5725886687385252e-06 -3.2339078247412411e-09 1.2125912330053593e-10 -4.9816838966987843e-10</Inertia>
</MassProperties>
<GeometryFile name="Shaft Coupler_Default_sldprt.STEP" type="STEP"/>
<VisualProperties>
<Ambient r="0.6470588235294118" g="0.61960784313725492" b="0.58823529411764708" a="1"/>
<Diffuse r="0.6470588235294118" g="0.61960784313725492" b="0.58823529411764708" a="1"/>
<Specular r="0.45294117647058824" g="0.43372549019607842" b="0.41176470588235292" a="1"/>
<Emissive r="0" g="0" b="0" a="1"/>
<Shininess>0.3125</Shininess>
</VisualProperties>
</Part>
<Part name="T" uid="T*:*Default" version="110">
<ModelUnits mass="kilogram" length="millimeter"/>
<PartFile name="T.SLDPRT" type="SolidWorks Part"/>
<MassProperties>
<Mass>0.00067196666799944859</Mass>
<CenterOfMass>0.0050000000000000001 0.016281155037101352 0.01678401389519326</CenterOfMass>
<Inertia>2.629965789623555e-08 6.6028809556878723e-09 2.6641981355468979e-08 0 0 0</Inertia>
</MassProperties>
<GeometryFile name="T_Default_sldprt.STEP" type="STEP"/>
<VisualProperties>
<Ambient r="0.792156862745098" g="0.81960784313725488" b="0.93333333333333335" a="1"/>
<Diffuse r="0.792156862745098" g="0.81960784313725488" b="0.93333333333333335" a="1"/>
<Specular r="0.396078431372549" g="0.40980392156862744" b="0.46666666666666667" a="1"/>
<Emissive r="0" g="0" b="0" a="1"/>
<Shininess>0.3125</Shininess>
</VisualProperties>
</Part>
<Part name="base" uid="base*:*Default" version="212">
<ModelUnits mass="kilogram" length="millimeter"/>
<PartFile name="base.SLDPRT" type="SolidWorks Part"/>
<MassProperties>
<Mass>0.015493465492103628</Mass>
<CenterOfMass>-0.016434331496238231 0.38911764705882335 0.0029485702219100214</CenterOfMass>
<Inertia>6.6200401416572365e-06 6.279434820685492e-06 1.2807658564496049e-05 0 -2.8890293940317276e-11 0</Inertia>
</MassProperties>
<GeometryFile name="base_Default_sldprt.STEP" type="STEP"/>
<VisualProperties>
<Ambient r="1" g="1" b="1" a="1"/>
<Diffuse r="1" g="1" b="1" a="1"/>
<Specular r="1" g="1" b="1" a="1"/>
<Emissive r="0" g="0" b="0" a="1"/>
